m = 100

a = 0.984779053399950
b = -4.981977522559953

m = 200
a = 1.147660929156764
b = -5.981218390448019

m = 400
a = 0.979973769570789
b = -4.888969169642277
